1          0.115846          0.115028           0.115457
2          0.107222          0.0587949          0.0560717
4          0.141748          0.0341             0.0339491
6          0.140059          0.0223795          0.022182
8          0.142802          0.0170083          0.0167742
10         163.083           30.0758            24.4456
12         165.025           30.2513            24.882
14         162.913           30.2595            21.5212
16         155.115           24.2417            12.8592
20         169.665           40.9913            31.9009
24         168.33            34.0235            26.4086