1          0.00910907         0.00917051          0.00901306
2          0.0117146          0.00607059          0.00609665
4          0.011801           0.0034588           0.00337701
6          0.0113088          0.00238393          0.0022876
8          0.011935           0.00211992          0.00198232
10         0.0114065          0.00191063          0.00178107
12         0.0135735          0.00191281          0.00189683
14         0.0109826          0.00187574          0.00206811
16         0.0112593          0.00232274          0.0027605
20         0.012976           0.00273208          0.00417648
24         0.0193009          0.0127172           0.00264069