1          18.7888          17.2894          17.0657
2          16.1179          8.2745           7.95377
4          17.1308          5.2719           4.98271
6          16.7536          4.29943          3.38081
8          16.2545          4.48153          4.41673
10         15.2348          1.85967          1.88821
12         14.5588          1.62551          1.68795
14         16.2004          2.29889          2.20215
16         16.7615          2.29344          2.04073
20         15.8352          2.15628          2.0792
24         16.064           2.68563          1.5246