1          0.115846          0.115028           0.115457
2          0.107222          0.0587949          0.0560717
4          0.141748          0.0341             0.0339491
6          0.140059          0.0223795          0.022182
8          0.142802          0.0170083          0.0167742
10         0.125712          0.0135919          0.0133917
12         0.125806          0.0111266          0.0112216
14         0.170932          0.0200054          0.0124214
16         0.175656          0.0171973          0.0117215
20         0.152433          0.0154439          0.00868039
24         0.153657          0.0161463          0.0077137