1          1.53726          0.36922           0.3678
2          1.53386          0.42482           0.423283
4          1.53111          0.390129          0.389136
6          1.56638          0.470748          0.482145
8          1.42049          0.219429          0.219409
10         1.41135          0.215539          0.214903
12         1.4451           0.220798          0.22102
14         1.51351          0.369092          0.368185
16         1.54444          0.495843          0.47751
20         1.18164          0.669878          0.671808
24         1.22803          1.22557           1.22867